count=220
40 86 663
43 747 938
47 285 973
49 548 422
52 741 541
56 44 854
57 795 59
61 267 375
62 85 874
66 125 211
68 80 770
72 277 272
74 222 444
75 28 603
79 926 463
83 603 68
86 238 650
87 149 304
89 749 190
93 944 835
1 15 123
2 456 45
3 3 3
4 5 6
5 12 512
6 145 55
7 45 145
8 15 16
9 10 11
10 11 999
11 11 11
12 123 321
13 139 931
14 147 741
15 159 951
16 61 155
17 79 971
18 183 38
19 91 191
20 200 2
21 21 21
22 256 654
23 33 35
24 25 26
25 258 852
26 268 264
27 272 292
28 284 268
29 298 862
30 300 303
31 317 713
32 321 123
33 333 33
34 349 946
35 357 759
36 951 478
37 745 598
38 100 104
39 958 745
40 415 598
41 41 496
42 895 99
43 456 489
44 98 658
45 189 648
46 259 85
47 359 684
48 751 45
49 856 54
50 486 54
51 458 24
52 53 53
53 894 575
54 154 95
55 598 666
56 667 747
57 45 452
58 658 235
59 598 32
60 256 54
61 598 254
62 598 56
63 58 547
64 514 456
65 256 854
66 458 254
67 321 425
68 325 412
69 666 666
70 485 123
71 985 452
72 568 951
73 458 624
74 856 254
75 319 682
76 125 456
77 777 454
78 787 778
79 979 997
80 245 157
81 888 222
82 546 48
83 24 11
84 759 64
85 246 315
86 59 624
87 95 58
88 659 425
89 456 555
90 235 233
91 458 555
92 15 454
93 1 999
94 999 1
95 996 234
96 45 555
97 788 8
98 88 574
99 999 99
100 100 100
101 101 10
102 48 888
103 302 301
104 410 550
105 484 252
106 156 123
107 498 452
108 215 544
109 888 777
110 111 154
111 111 111
112 911 112
113 548 568
114 125 541
115 11 114
116 589 221
117 485 554
118 155 554
119 998 558
120 144 458
121 525 545
122 525 44
123 567 489
124 445 454
125 121 154
126 545 224
127 454 122
128 455 233
129 989 554
130 322 315
131 515 454
132 645 489
133 658 122
134 112 45
135 155 65
136 525 45
137 84 544
138 445 556
139 985 555
140 114 44
141 56 656
142 332 257
143 889 775
144 564 889
145 225 232
146 84 755
147 258 369
148 259 367
149 751 445
150 220 330
151 202 303
152 303 606
153 101 404
154 505 707
155 808 909
156 646 505
157 818 212
158 262 400
159 263 478
160 52 52
161 505 25
162 54 544
163 452 22
164 221 121
165 89 98
166 220 554
167 48 884
168 552 424
169 548 772
170 156 128
171 429 523
172 512 486
173 445 684
174 845 425
175 485 56
176 76 756
177 777 784
178 145 45
179 139 159
180 54 778
181 545 232
182 545 447
183 254 488
184 464 959
185 447 776
186 325 497
187 422 554
188 979 454
189 459 239
190 225 486
191 151 488
192 446 478
193 559 865
194 887 545
195 848 776
196 235 548
197 889 456
198 33 245
199 1 1
200 1 1
